+@-@*@/@%@^@=@!@>@<@&@|@(@[@{@}@]@)@,@.@:@;@ @\n@'@"@a@b@c@d@e@f@g@h@i@j@k@l@m@n@ñ@o@p@q@r@s@t@u@v@w@x@y@z@0@1@2@3@4@5@6@7@8@9
0
147 70
115 116 117 118 119 120 121 122 123 124 125 126 127 128 129 130 131 132 133 134 135 136 147 148 201 202 203 204 205 206 207 208 209 210 211 212 213 214 215 216 217 218 219 220 221 222 223 224 225 226 227 228 229 230 231 232 233 300
103,104,105,106,107,108,109,110,111,112,113,114,115,116,117,118,119,120,121,122,123,124,0,124,143,144,1,9,15,25,31,39,146,41,146,146,146,146,146,146,146,46,51,146,146,68,146,146,137,78,146,146,146,299,299,299,299,299,299,299,299,299,299,145,145,145,145,145,145,145
146,146,146,146,146,146,146,146,146,146,146,146,146,146,146,146,146,146,146,146,146,124,146,124,146,146,146,2,146,146,146,146,146,146,146,146,146,146,146,146,146,146,146,146,146,146,146,146,146,146,146,146,146,146,146,146,146,146,146,146,146,146,146,145,145,145,145,145,145,145
146,146,146,146,146,146,146,146,146,146,146,146,146,146,146,146,146,146,146,146,146,124,146,124,146,146,146,146,146,146,146,146,146,146,146,146,146,146,146,146,146,146,146,146,146,3,146,146,146,146,146,146,146,146,146,146,146,146,146,146,146,146,146,145,145,145,145,145,145,145
146,146,146,146,146,146,146,146,146,146,146,146,146,146,146,146,146,146,146,146,146,124,146,124,146,146,146,146,146,146,146,146,146,146,146,146,146,146,146,146,146,146,146,146,146,146,4,146,146,146,146,146,146,146,146,146,146,146,146,146,146,146,146,145,145,145,145,145,145,145
146,146,146,146,146,146,146,146,146,146,146,146,146,146,146,146,146,146,146,146,146,124,146,124,146,146,146,146,146,146,146,146,146,146,146,146,146,146,146,146,146,146,146,146,5,146,146,146,146,146,146,146,146,146,146,146,146,146,146,146,146,146,146,145,145,145,145,145,145,145
146,146,146,146,146,146,146,146,146,146,146,146,146,146,146,146,146,146,146,146,146,124,146,124,146,146,6,146,146,146,146,146,146,146,146,146,146,146,146,146,146,146,146,146,146,146,146,146,146,146,146,146,146,146,146,146,146,146,146,146,146,146,146,145,145,145,145,145,145,145
146,146,146,146,146,146,146,146,146,146,146,146,146,146,146,146,146,146,146,146,146,124,146,124,146,146,146,146,7,146,146,146,146,146,146,146,146,146,146,146,146,146,146,146,146,146,146,146,146,146,146,146,146,146,146,146,146,146,146,146,146,146,146,145,145,145,145,145,145,145
146,146,146,146,146,146,146,146,146,146,146,146,146,146,146,146,146,146,146,146,146,124,146,124,146,146,146,146,146,146,146,146,146,146,146,146,146,146,146,146,146,146,146,146,146,146,8,146,146,146,146,146,146,146,146,146,146,146,146,146,146,146,146,145,145,145,145,145,145,145
146,146,146,146,146,146,146,146,146,146,146,146,146,146,146,146,146,146,146,146,146,124,146,124,146,146,146,146,146,146,146,146,146,146,146,146,146,146,146,146,146,82,146,146,146,146,146,146,146,146,146,146,146,146,146,146,146,146,146,146,146,146,146,145,145,145,145,145,145,145
146,146,146,146,146,146,146,146,146,146,146,146,146,146,146,146,146,146,146,146,146,124,146,124,146,146,146,146,146,146,146,146,146,146,146,146,146,146,146,146,146,10,146,146,146,146,146,146,146,146,146,146,146,146,146,146,146,146,146,146,146,146,146,145,145,145,145,145,145,145
146,146,146,146,146,146,146,146,146,146,146,146,146,146,146,146,146,146,146,146,146,124,146,124,146,146,146,146,146,146,146,146,146,146,146,146,146,11,146,146,146,146,146,146,146,146,146,146,146,146,146,146,146,146,146,146,146,146,146,146,146,146,146,145,145,145,145,145,145,145
146,146,146,146,146,146,146,146,146,146,146,146,146,146,146,146,146,146,146,146,146,124,146,124,146,146,146,146,146,146,12,146,146,146,146,146,146,146,146,146,146,146,146,146,146,146,146,146,146,146,146,146,146,146,146,146,146,146,146,146,146,146,146,145,145,145,145,145,145,145
146,146,146,146,146,146,146,146,146,146,146,146,146,146,146,146,146,146,146,146,146,124,146,124,146,146,13,146,146,146,146,146,146,146,146,146,146,146,146,146,146,146,146,146,146,146,146,146,146,146,146,146,146,146,146,146,146,146,146,146,146,146,146,145,145,145,145,145,145,145
146,146,146,146,146,146,146,146,146,146,146,146,146,146,146,146,146,146,146,146,146,124,146,124,146,146,146,146,146,146,146,146,146,146,146,146,146,146,146,14,146,146,146,146,20,146,146,146,146,146,146,146,146,146,146,146,146,146,146,146,146,146,146,145,145,145,145,145,145,145
146,146,146,146,146,146,146,146,146,146,146,146,146,146,146,146,146,146,146,146,146,124,146,124,146,146,146,146,146,146,146,146,146,146,146,146,146,146,146,146,146,83,146,146,146,146,146,146,146,146,146,146,146,146,146,146,146,146,146,146,146,146,146,145,145,145,145,145,145,145
146,146,146,146,146,146,146,146,146,146,146,146,146,146,146,146,146,146,146,146,146,124,146,124,146,146,16,146,146,146,146,146,146,146,146,146,146,146,146,146,146,146,146,146,146,146,146,146,146,146,146,146,146,146,146,146,146,146,146,146,146,146,146,145,145,145,145,145,145,145
146,146,146,146,146,146,146,146,146,146,146,146,146,146,146,146,146,146,146,146,146,124,146,124,146,146,146,146,146,17,146,146,146,146,146,146,146,146,146,146,146,146,146,146,146,146,146,146,146,146,146,146,146,146,146,146,146,146,146,146,146,146,146,145,145,145,145,145,145,145
146,146,146,146,146,146,146,146,146,146,146,146,146,146,146,146,146,146,146,146,146,124,146,124,146,146,146,146,146,146,18,146,146,146,146,146,146,146,146,146,146,146,146,146,146,146,146,146,146,146,146,146,146,146,146,146,146,146,146,146,146,146,146,145,145,145,145,145,145,145
146,146,146,146,146,146,146,146,146,146,146,146,146,146,146,146,146,146,146,146,146,124,146,124,146,146,146,146,146,146,146,146,146,146,146,146,146,146,146,19,146,146,146,146,146,146,146,146,146,146,146,146,146,146,146,146,146,146,146,146,146,146,146,145,145,145,145,145,145,145
146,146,146,146,146,146,146,146,146,146,146,146,146,146,146,146,146,146,146,146,146,124,146,124,146,146,84,146,146,146,146,146,146,146,146,146,146,146,146,146,146,146,146,146,146,146,146,146,146,146,146,146,146,146,146,146,146,146,146,146,146,146,146,145,145,145,145,145,145,145
146,146,146,146,146,146,146,146,146,146,146,146,146,146,146,146,146,146,146,146,146,124,146,124,146,146,21,146,146,146,146,146,146,146,146,146,146,146,146,146,146,146,146,146,146,146,146,146,146,146,146,146,146,146,146,146,146,146,146,146,146,146,146,145,145,145,145,145,145,145
146,146,146,146,146,146,146,146,146,146,146,146,146,146,146,146,146,146,146,146,146,124,146,124,146,146,146,146,22,146,146,146,146,146,146,146,146,146,146,146,146,146,146,146,146,146,146,146,146,146,146,146,146,146,146,146,146,146,146,146,146,146,146,145,145,145,145,145,145,145
146,146,146,146,146,146,146,146,146,146,146,146,146,146,146,146,146,146,146,146,146,124,146,124,146,146,146,146,146,146,146,146,146,146,146,146,146,146,146,146,146,146,146,146,146,146,23,146,146,146,146,146,146,146,146,146,146,146,146,146,146,146,146,145,145,145,145,145,145,145
146,146,146,146,146,146,146,146,146,146,146,146,146,146,146,146,146,146,146,146,146,124,146,124,146,146,146,146,146,146,24,146,146,146,146,146,146,146,146,146,146,146,146,146,146,146,146,146,146,146,146,146,146,146,146,146,146,146,146,146,146,146,146,145,145,145,145,145,145,145
146,146,146,146,146,146,146,146,146,146,146,146,146,146,146,146,146,146,146,146,146,124,146,124,146,146,146,146,146,146,146,146,146,146,146,146,146,146,146,146,146,146,146,146,85,146,146,146,146,146,146,146,146,146,146,146,146,146,146,146,146,146,146,145,145,145,145,145,145,145
146,146,146,146,146,146,146,146,146,146,146,146,146,146,146,146,146,146,146,146,146,124,146,124,146,146,146,146,146,146,26,146,146,146,146,146,146,146,146,146,146,86,146,146,146,146,146,146,146,146,146,146,146,146,146,146,146,146,146,146,146,146,146,145,145,145,145,145,145,145
146,146,146,146,146,146,146,146,146,146,146,146,146,146,146,146,146,146,146,146,146,124,146,124,146,146,146,146,27,146,146,146,146,146,146,146,146,146,146,146,146,146,146,146,146,146,146,146,146,146,146,146,146,146,146,146,146,146,146,146,146,146,146,145,145,145,145,145,145,145
146,146,146,146,146,146,146,146,146,146,146,146,146,146,146,146,146,146,146,146,146,124,146,124,146,146,146,146,146,146,146,146,146,146,28,146,146,146,146,146,146,146,146,146,146,146,146,146,146,146,146,146,146,146,146,146,146,146,146,146,146,146,146,145,145,145,145,145,145,145
146,146,146,146,146,146,146,146,146,146,146,146,146,146,146,146,146,146,146,146,146,124,146,124,146,146,146,146,146,146,146,146,146,146,146,146,146,146,29,146,146,146,146,146,146,146,146,146,146,146,146,146,146,146,146,146,146,146,146,146,146,146,146,145,145,145,145,145,145,145
146,146,146,146,146,146,146,146,146,146,146,146,146,146,146,146,146,146,146,146,146,124,146,124,146,146,30,146,146,146,146,146,146,146,146,146,146,146,146,146,146,146,146,146,146,146,146,146,146,146,146,146,146,146,146,146,146,146,146,146,146,146,146,145,145,145,145,145,145,145
146,146,146,146,146,146,146,146,146,146,146,146,146,146,146,146,146,146,146,146,146,124,146,124,146,146,146,146,146,146,146,146,146,146,146,146,146,87,146,146,146,146,146,146,146,146,146,146,146,146,146,146,146,146,146,146,146,146,146,146,146,146,146,145,145,145,145,145,145,145
146,146,146,146,146,146,146,146,146,146,146,146,146,146,146,146,146,146,146,146,146,124,146,124,146,146,146,146,146,146,146,146,146,146,146,146,146,146,146,32,146,146,146,146,146,146,146,146,146,146,146,146,146,146,146,146,146,146,146,146,146,146,146,145,145,145,145,145,145,145
146,146,146,146,146,146,146,146,146,146,146,146,146,146,146,146,146,146,146,146,146,124,146,124,146,146,146,146,146,146,146,146,146,146,146,146,146,146,146,146,146,146,146,146,146,146,33,146,146,146,146,146,146,146,146,146,146,146,146,146,146,146,146,145,145,145,145,145,145,145
146,146,146,146,146,146,146,146,146,146,146,146,146,146,146,146,146,146,146,146,146,124,146,124,146,146,146,146,146,146,34,146,146,146,146,146,146,146,146,146,146,146,146,146,36,146,146,146,146,146,146,146,146,146,146,146,146,146,146,146,146,146,146,145,145,145,145,145,145,145
146,146,146,146,146,146,146,146,146,146,146,146,146,146,146,146,146,146,146,146,146,124,146,124,146,146,146,146,146,146,146,146,146,146,146,146,146,146,146,146,146,146,146,146,35,146,146,146,146,146,146,146,146,146,146,146,146,146,146,146,146,146,146,145,145,145,145,145,145,145
146,146,146,146,146,146,146,146,146,146,146,146,146,146,146,146,146,146,146,146,146,124,146,124,146,146,146,146,146,146,146,146,146,146,146,146,146,146,146,146,146,88,146,146,146,146,146,146,146,146,146,146,146,146,146,146,146,146,146,146,146,146,146,145,145,145,145,145,145,145
146,146,146,146,146,146,146,146,146,146,146,146,146,146,146,146,146,146,146,146,146,124,146,124,146,146,37,146,146,146,146,146,146,146,146,146,146,146,146,146,146,146,146,146,146,146,146,146,146,146,146,146,146,146,146,146,146,146,146,146,146,146,146,145,145,145,145,145,145,145
146,146,146,146,146,146,146,146,146,146,146,146,146,146,146,146,146,146,146,146,146,124,146,124,146,146,146,146,146,38,146,146,146,146,146,146,146,146,146,146,146,146,146,146,146,146,146,146,146,146,146,146,146,146,146,146,146,146,146,146,146,146,146,145,145,145,145,145,145,145
146,146,146,146,146,146,146,146,146,146,146,146,146,146,146,146,146,146,146,146,146,124,146,124,146,146,89,146,146,146,146,146,146,146,146,146,146,146,146,146,146,146,146,146,146,146,146,146,146,146,146,146,146,146,146,146,146,146,146,146,146,146,146,145,145,145,145,145,145,145
146,146,146,146,146,146,146,146,146,146,146,146,146,146,146,146,146,146,146,146,146,124,146,124,146,146,146,146,146,146,146,146,146,146,146,146,146,146,146,146,146,40,146,146,146,146,146,146,146,146,146,146,146,146,146,146,146,146,146,146,146,146,146,145,145,145,145,145,145,145
146,146,146,146,146,146,146,146,146,146,146,146,146,146,146,146,146,146,146,146,146,124,146,124,146,146,146,146,146,146,146,146,146,146,146,146,146,146,146,146,146,146,146,146,90,146,146,146,146,146,146,146,146,146,146,146,146,146,146,146,146,146,146,145,145,145,145,145,145,145
146,146,146,146,146,146,146,146,146,146,146,146,146,146,146,146,146,146,146,146,146,124,146,124,146,146,146,146,146,146,42,146,146,146,146,146,146,146,146,146,146,146,146,146,146,146,146,146,146,146,146,146,146,146,146,146,146,146,146,146,146,146,146,145,145,145,145,145,145,145
146,146,146,146,146,146,146,146,146,146,146,146,146,146,146,146,146,146,146,146,146,124,146,124,146,146,146,146,146,146,146,146,146,146,146,146,146,146,146,146,146,146,146,146,43,146,146,146,146,146,146,146,146,146,146,146,146,146,146,146,146,146,146,145,145,145,145,145,145,145
146,146,146,146,146,146,146,146,146,146,146,146,146,146,146,146,146,146,146,146,146,124,146,124,146,146,146,146,146,146,44,146,146,146,146,146,146,146,146,146,146,146,146,146,146,146,146,146,146,146,146,146,146,146,146,146,146,146,146,146,146,146,146,145,145,145,145,145,145,145
146,146,146,146,146,146,146,146,146,146,146,146,146,146,146,146,146,146,146,146,146,124,146,124,146,146,146,146,146,45,146,146,146,146,146,146,146,146,146,146,146,146,146,146,146,146,146,146,146,146,146,146,146,146,146,146,146,146,146,146,146,146,146,145,145,145,145,145,145,145
146,146,146,146,146,146,146,146,146,146,146,146,146,146,146,146,146,146,146,146,146,124,146,124,146,146,91,146,146,146,146,146,146,146,146,146,146,146,146,146,146,146,146,146,146,146,146,146,146,146,146,146,146,146,146,146,146,146,146,146,146,146,146,145,145,145,145,145,145,145
146,146,146,146,146,146,146,146,146,146,146,146,146,146,146,146,146,146,146,146,146,124,146,124,146,146,146,47,146,146,146,146,146,146,146,146,146,146,146,146,146,146,146,146,146,146,146,146,146,146,146,146,146,146,146,146,146,146,146,146,146,146,146,145,145,145,145,145,145,145
146,146,146,146,146,146,146,146,146,146,146,146,146,146,146,146,146,146,146,146,146,124,146,124,146,146,146,146,146,146,146,146,146,146,146,48,146,146,146,146,146,146,146,146,146,146,146,146,146,146,146,146,146,146,146,146,146,146,146,146,146,146,146,145,145,145,145,145,145,145
146,146,146,146,146,146,146,146,146,146,146,146,146,146,146,146,146,146,146,146,146,124,146,124,146,146,146,146,146,146,49,146,146,146,146,146,146,146,146,146,146,146,146,146,146,146,146,146,146,146,146,146,146,146,146,146,146,146,146,146,146,146,146,145,145,145,145,145,145,145
146,146,146,146,146,146,146,146,146,146,146,146,146,146,146,146,146,146,146,146,146,124,146,124,146,146,146,146,146,146,146,146,146,146,146,146,146,146,146,146,146,146,146,146,146,146,50,146,146,146,146,146,146,146,146,146,146,146,146,146,146,146,146,145,145,145,145,145,145,145
146,146,146,146,146,146,146,146,146,146,146,146,146,146,146,146,146,146,146,146,146,124,146,124,146,146,146,146,146,146,146,146,146,146,146,146,146,146,146,146,146,92,146,146,146,146,146,146,146,146,146,146,146,146,146,146,146,146,146,146,146,146,146,145,145,145,145,145,145,145
146,146,146,146,146,146,146,146,146,146,146,146,146,146,146,146,146,146,146,146,146,124,146,124,146,146,146,146,146,146,146,146,146,146,146,146,146,146,146,146,146,146,146,146,52,146,146,63,146,146,146,146,146,146,146,146,146,146,146,146,146,146,146,145,145,145,145,145,145,145
146,146,146,146,146,146,146,146,146,146,146,146,146,146,146,146,146,146,146,146,146,124,146,124,146,146,146,146,146,146,146,146,146,146,53,146,146,146,146,146,146,57,146,146,146,146,146,146,146,146,146,146,146,146,146,146,146,146,146,146,146,146,146,145,145,145,145,145,145,145
146,146,146,146,146,146,146,146,146,146,146,146,146,146,146,146,146,146,146,146,146,124,146,124,146,146,146,146,146,146,146,146,146,146,146,146,146,146,146,146,146,146,146,146,146,146,146,146,54,146,146,146,146,146,146,146,146,146,146,146,146,146,146,145,145,145,145,145,145,145
146,146,146,146,146,146,146,146,146,146,146,146,146,146,146,146,146,146,146,146,146,124,146,124,146,146,55,146,146,146,146,146,146,146,146,146,146,146,146,146,146,146,146,146,146,146,146,146,146,146,146,146,146,146,146,146,146,146,146,146,146,146,146,145,145,145,145,145,145,145
146,146,146,146,146,146,146,146,146,146,146,146,146,146,146,146,146,146,146,146,146,124,146,124,146,146,146,146,146,56,146,146,146,146,146,146,146,146,146,146,146,146,146,146,146,146,146,146,146,146,146,146,146,146,146,146,146,146,146,146,146,146,146,145,145,145,145,145,145,145
146,146,146,146,146,146,146,146,146,146,146,146,146,146,146,146,146,146,146,146,146,124,146,124,146,146,146,146,146,146,146,146,146,146,146,146,146,146,146,146,146,93,146,146,146,146,146,146,146,146,146,146,146,146,146,146,146,146,146,146,146,146,146,145,145,145,145,145,145,145
146,146,146,146,146,146,146,146,146,146,146,146,146,146,146,146,146,146,146,146,146,124,146,124,146,146,146,146,146,146,146,146,146,146,146,146,146,146,146,146,146,146,146,146,146,146,58,146,146,146,146,146,146,146,146,146,146,146,146,146,146,146,146,145,145,145,145,145,145,145
146,146,146,146,146,146,146,146,146,146,146,146,146,146,146,146,146,146,146,146,146,124,146,124,146,146,146,146,146,146,59,146,146,146,146,146,146,146,146,146,146,146,146,146,146,146,146,146,146,146,146,146,146,146,146,146,146,146,146,146,146,146,146,145,145,145,145,145,145,145
146,146,146,146,146,146,146,146,146,146,146,146,146,146,146,146,146,146,146,146,146,124,146,124,146,146,146,146,146,146,146,146,60,146,146,146,146,146,146,146,146,146,146,146,146,146,146,146,146,146,146,146,146,146,146,146,146,146,146,146,146,146,146,145,145,145,145,145,145,145
146,146,146,146,146,146,146,146,146,146,146,146,146,146,146,146,146,146,146,146,146,124,146,124,146,146,146,146,146,146,146,146,146,146,61,146,146,146,146,146,146,146,146,146,146,146,146,146,146,146,146,146,146,146,146,146,146,146,146,146,146,146,146,145,145,145,145,145,145,145
146,146,146,146,146,146,146,146,146,146,146,146,146,146,146,146,146,146,146,146,146,124,146,124,146,146,146,146,146,62,146,146,146,146,146,146,146,146,146,146,146,146,146,146,146,146,146,146,146,146,146,146,146,146,146,146,146,146,146,146,146,146,146,145,145,145,145,145,145,145
146,146,146,146,146,146,146,146,146,146,146,146,146,146,146,146,146,146,146,146,146,124,146,124,146,146,146,146,146,146,146,146,146,146,146,146,146,146,146,146,146,94,146,146,146,146,146,146,146,146,146,146,146,146,146,146,146,146,146,146,146,146,146,145,145,145,145,145,145,145
146,146,146,146,146,146,146,146,146,146,146,146,146,146,146,146,146,146,146,146,146,124,146,124,146,146,146,64,146,146,146,146,146,146,146,146,146,146,146,146,146,146,146,146,146,146,146,146,146,146,146,146,146,146,146,146,146,146,146,146,146,146,146,145,145,145,145,145,145,145
146,146,146,146,146,146,146,146,146,146,146,146,146,146,146,146,146,146,146,146,146,124,146,124,146,146,146,146,146,146,146,146,146,146,146,146,146,65,146,146,146,146,146,146,146,146,146,146,146,146,146,146,146,146,146,146,146,146,146,146,146,146,146,145,145,145,145,145,145,145
146,146,146,146,146,146,146,146,146,146,146,146,146,146,146,146,146,146,146,146,146,124,146,124,146,146,146,146,146,146,146,146,146,146,66,146,146,146,146,146,146,146,146,146,146,146,146,146,146,146,146,146,146,146,146,146,146,146,146,146,146,146,146,145,145,145,145,145,145,145
146,146,146,146,146,146,146,146,146,146,146,146,146,146,146,146,146,146,146,146,146,124,146,124,146,146,146,146,67,146,146,146,146,146,146,146,146,146,146,146,146,146,146,146,146,146,146,146,146,146,146,146,146,146,146,146,146,146,146,146,146,146,146,145,145,145,145,145,145,145
146,146,146,146,146,146,146,146,146,146,146,146,146,146,146,146,146,146,146,146,146,124,146,124,146,146,146,146,146,146,146,146,146,146,146,146,146,146,146,146,146,95,146,146,146,146,146,146,146,146,146,146,146,146,146,146,146,146,146,146,146,146,146,145,145,145,145,145,145,145
146,146,146,146,146,146,146,146,146,146,146,146,146,146,146,146,146,146,146,146,146,124,146,124,146,146,69,146,146,146,146,146,146,146,97,146,146,146,146,146,146,146,146,146,146,146,146,146,146,74,146,146,146,146,146,146,146,146,146,146,146,146,146,145,145,145,145,145,145,145
146,146,146,146,146,146,146,146,146,146,146,146,146,146,146,146,146,146,146,146,146,124,146,124,146,146,146,146,146,146,146,146,146,146,146,146,146,70,146,146,146,146,146,146,146,146,146,146,146,146,146,146,146,146,146,146,146,146,146,146,146,146,146,145,145,145,145,145,145,145
146,146,146,146,146,146,146,146,146,146,146,146,146,146,146,146,146,146,146,146,146,124,146,124,146,146,146,146,146,146,146,146,146,146,71,146,146,146,146,146,146,146,146,146,146,146,146,146,146,146,146,146,146,146,146,146,146,146,146,146,146,146,146,145,145,145,145,145,145,145
146,146,146,146,146,146,146,146,146,146,146,146,146,146,146,146,146,146,146,146,146,124,146,124,146,146,146,146,146,72,146,146,146,146,146,146,146,146,146,146,146,146,146,146,146,146,146,146,146,146,146,146,146,146,146,146,146,146,146,146,146,146,146,145,145,145,145,145,145,145
146,146,146,146,146,146,146,146,146,146,146,146,146,146,146,146,146,146,146,146,146,124,146,124,146,146,96,146,146,146,146,146,146,146,146,146,146,146,146,146,146,146,146,146,146,146,146,146,146,146,146,146,146,146,146,146,146,146,146,146,146,146,146,145,145,145,145,145,145,145
146,146,146,146,146,146,146,146,146,146,146,146,146,146,146,146,146,146,146,146,146,124,146,124,146,146,146,146,146,146,146,146,146,146,146,146,146,146,146,146,146,98,146,146,146,146,146,146,146,146,146,146,146,146,146,146,146,146,146,146,146,146,146,145,145,145,145,145,145,145
146,146,146,146,146,146,146,146,146,146,146,146,146,146,146,146,146,146,146,146,146,124,146,124,146,146,146,146,146,146,146,146,146,146,75,146,146,146,146,146,146,146,146,146,146,146,146,146,146,146,146,146,146,146,146,146,146,146,146,146,146,146,146,145,145,145,145,145,145,145
146,146,146,146,146,146,146,146,146,146,146,146,146,146,146,146,146,146,146,146,146,124,146,124,146,146,146,146,146,146,146,146,146,146,146,146,146,146,146,146,146,146,146,146,146,146,76,146,146,146,146,146,146,146,146,146,146,146,146,146,146,146,146,145,145,145,145,145,145,145
146,146,146,146,146,146,146,146,146,146,146,146,146,146,146,146,146,146,146,146,146,124,146,124,146,146,146,146,77,146,146,146,146,146,146,146,146,146,146,146,146,146,146,146,146,146,146,146,146,146,146,146,146,146,146,146,146,146,146,146,146,146,146,145,145,145,145,145,145,145
146,146,146,146,146,146,146,146,146,146,146,146,146,146,146,146,146,146,146,146,146,124,146,124,146,146,146,146,146,146,146,146,146,99,146,146,146,146,146,146,146,146,146,146,146,146,146,146,146,146,146,146,146,146,146,146,146,146,146,146,146,146,146,145,145,145,145,145,145,145
146,146,146,146,146,146,146,146,146,146,146,146,146,146,146,146,146,146,146,146,146,124,146,124,146,146,146,146,146,146,146,146,146,79,146,146,146,146,146,146,146,146,146,146,146,146,146,146,146,146,146,146,146,146,146,146,146,146,146,146,146,146,146,145,145,145,145,145,145,145
146,146,146,146,146,146,146,146,146,146,146,146,146,146,146,146,146,146,146,146,146,124,146,124,146,146,146,146,146,146,146,146,146,146,80,146,146,146,146,146,146,146,146,146,146,146,146,146,146,146,146,146,146,146,146,146,146,146,146,146,146,146,146,145,145,145,145,145,145,145
146,146,146,146,146,146,146,146,146,146,146,146,146,146,146,146,146,146,146,146,146,124,146,124,146,146,146,146,146,146,146,146,146,146,146,146,146,81,146,146,146,146,146,146,146,146,146,146,146,146,146,146,146,146,146,146,146,146,146,146,146,146,146,145,145,145,145,145,145,145
146,146,146,146,146,146,146,146,146,146,146,146,146,146,146,146,146,146,146,146,146,124,146,124,146,146,146,146,146,146,100,146,146,146,146,146,146,146,146,146,146,146,146,146,146,146,146,146,146,146,146,146,146,146,146,146,146,146,146,146,146,146,146,145,145,145,145,145,145,145
146,146,146,146,146,146,146,146,146,146,146,146,146,146,146,146,146,146,146,146,146,124,201,124,146,146,146,146,146,146,146,146,146,146,146,146,146,146,146,146,146,146,146,146,146,146,146,146,146,146,146,146,146,146,146,146,146,146,146,146,146,146,146,145,145,145,145,145,145,145
146,146,146,146,146,146,146,146,146,146,146,146,146,146,146,146,146,146,146,146,146,124,202,124,146,146,146,146,146,146,146,146,146,146,146,146,146,146,146,146,146,146,146,146,146,146,146,146,146,146,146,146,146,146,146,146,146,146,146,146,146,146,146,145,145,145,145,145,145,145
146,146,146,146,146,146,146,146,146,146,146,146,146,146,146,146,146,146,146,146,146,124,203,124,146,146,146,146,146,146,146,146,146,146,146,146,146,146,146,146,146,146,146,146,146,146,146,146,146,146,146,146,146,146,146,146,146,146,146,146,146,146,146,145,145,145,145,145,145,145
146,146,146,146,146,146,146,146,146,146,146,146,146,146,146,146,146,146,146,146,146,124,204,124,146,146,146,146,146,146,146,146,146,146,146,146,146,146,146,146,146,146,146,146,146,146,146,146,146,146,146,146,146,146,146,146,146,146,146,146,146,146,146,145,145,145,145,145,145,145
146,146,146,146,146,146,146,146,146,146,146,146,146,146,146,146,146,146,146,146,146,124,205,124,146,146,146,146,146,146,146,146,146,146,146,146,146,146,146,146,146,146,146,146,146,146,146,146,146,146,146,146,146,146,146,146,146,146,146,146,146,146,146,145,145,145,145,145,145,145
146,146,146,146,146,146,146,146,146,146,146,146,146,146,146,146,146,146,146,146,146,124,206,124,146,146,146,146,146,146,146,146,146,146,146,146,146,146,146,146,146,146,146,146,146,146,146,146,146,146,146,146,146,146,146,146,146,146,146,146,146,146,146,145,145,145,145,145,145,145
146,146,146,146,146,146,146,146,146,146,146,146,146,146,146,146,146,146,146,146,146,124,207,124,146,146,146,146,146,146,146,146,146,146,146,146,146,146,146,146,146,146,146,146,146,146,146,146,146,146,146,146,146,146,146,146,146,146,146,146,146,146,146,145,145,145,145,145,145,145
146,146,146,146,146,146,146,146,146,146,146,146,146,146,146,146,146,146,146,146,146,124,208,124,146,146,146,146,146,146,146,146,146,146,146,146,146,146,146,146,146,146,146,146,146,146,146,146,146,146,146,146,146,146,146,146,146,146,146,146,146,146,146,145,145,145,145,145,145,145
146,146,146,146,146,146,146,146,146,146,146,146,146,146,146,146,146,146,146,146,146,124,209,124,146,146,146,146,146,146,146,146,146,146,146,146,146,146,146,146,146,146,146,146,146,146,146,146,146,146,146,146,146,146,146,146,146,146,146,146,146,146,146,145,145,145,145,145,145,145
146,146,146,146,146,146,146,146,146,146,146,146,146,146,146,146,146,146,146,146,146,124,210,124,146,146,146,146,146,146,146,146,146,146,146,146,146,146,146,146,146,146,146,146,146,146,146,146,146,146,146,146,146,146,146,146,146,146,146,146,146,146,146,145,145,145,145,145,145,145
146,146,146,146,146,146,146,146,146,146,146,146,146,146,146,146,146,146,146,146,146,124,211,124,146,146,146,146,146,146,146,146,146,146,146,146,146,146,146,146,146,146,146,146,146,146,146,146,146,146,146,146,146,146,146,146,146,146,146,146,146,146,146,145,145,145,145,145,145,145
146,146,146,146,146,146,146,146,146,146,146,146,146,146,146,146,146,146,146,146,146,124,212,124,146,146,146,146,146,146,146,146,146,146,146,146,146,146,146,146,146,146,146,146,146,146,146,146,146,146,146,146,146,146,146,146,146,146,146,146,146,146,146,145,145,145,145,145,145,145
146,146,146,146,146,146,146,146,146,146,146,146,146,146,146,146,146,146,146,146,146,124,213,124,146,146,146,146,146,146,146,146,146,146,146,146,146,146,146,146,146,146,146,146,146,146,146,146,146,146,146,146,146,146,146,146,146,146,146,146,146,146,146,145,145,145,145,145,145,145
146,146,146,146,146,146,146,146,146,146,146,146,146,146,146,146,146,146,146,146,146,124,214,124,146,146,146,146,146,146,146,146,146,146,146,146,146,146,146,146,146,146,146,146,146,146,146,146,146,146,146,146,146,146,146,146,146,146,146,146,146,146,146,145,145,145,145,145,145,145
146,146,146,146,146,146,146,146,146,146,146,146,146,146,146,146,146,146,146,146,146,124,215,124,146,146,146,146,146,146,146,146,146,146,146,146,146,146,146,146,146,146,146,146,146,146,146,146,146,146,146,146,146,146,146,146,146,146,146,146,146,146,146,145,145,145,145,145,145,145
146,146,146,146,146,146,146,146,146,146,146,146,146,146,146,146,146,146,146,146,146,124,216,124,146,146,146,146,146,146,146,146,146,146,146,146,146,146,146,101,146,146,146,146,146,146,146,146,146,146,146,146,146,146,146,146,146,146,146,146,146,146,146,145,145,145,145,145,145,145
146,146,146,146,146,146,146,146,146,146,146,146,146,146,146,146,146,146,146,146,146,124,217,124,146,146,146,146,146,146,146,146,146,146,146,146,146,146,146,146,146,146,146,146,146,146,146,146,146,146,146,146,146,146,146,146,146,146,146,146,146,146,146,145,145,145,145,145,145,145
146,146,146,146,146,146,146,146,146,146,146,146,146,146,146,146,146,146,146,146,146,124,218,124,146,146,146,146,146,146,146,146,146,146,146,146,146,146,146,146,146,146,146,146,146,146,146,146,146,146,146,146,146,146,146,146,146,146,146,146,146,146,146,145,145,145,145,145,145,145
146,146,146,146,146,146,146,146,146,146,146,146,146,146,146,146,146,146,146,146,146,124,219,124,146,146,146,146,146,146,146,146,146,146,146,146,146,146,146,146,146,146,146,146,146,146,146,146,146,146,146,146,146,146,146,146,146,146,146,146,146,146,146,145,145,145,145,145,145,145
146,146,146,146,146,146,146,146,146,146,146,146,146,146,146,146,146,146,146,146,146,124,146,124,146,146,146,146,146,146,146,146,146,146,146,146,146,146,146,146,146,102,146,146,146,146,146,146,146,146,146,146,146,146,146,146,146,146,146,146,146,146,146,145,145,145,145,145,145,145
146,146,146,146,146,146,146,146,146,146,146,146,146,146,146,146,146,146,146,146,146,124,220,124,146,146,146,146,146,146,146,146,146,146,146,146,146,146,146,146,146,146,146,146,146,146,146,146,146,146,146,146,146,146,146,146,146,146,146,146,146,146,146,145,145,145,145,145,145,145
125,125,125,125,125,125,221,125,125,125,125,125,125,125,125,125,125,125,125,125,125,124,125,124,125,125,125,125,125,125,125,125,125,125,125,125,125,125,125,125,125,125,125,125,125,125,125,125,125,125,125,125,125,125,125,125,125,125,125,125,125,125,125,145,145,145,145,145,145,145
126,126,126,126,126,126,222,126,126,126,126,126,126,126,126,126,126,126,126,126,126,124,126,124,126,126,126,126,126,126,126,126,126,126,126,126,126,126,126,126,126,126,126,126,126,126,126,126,126,126,126,126,126,126,126,126,126,126,126,126,126,126,126,145,145,145,145,145,145,145
127,127,127,127,127,127,223,127,127,127,127,127,127,127,127,127,127,127,127,127,127,124,127,124,127,127,127,127,127,127,127,127,127,127,127,127,127,127,127,127,127,127,127,127,127,127,127,127,127,127,127,127,127,127,127,127,127,127,127,127,127,127,127,145,145,145,145,145,145,145
128,128,128,128,128,128,224,128,128,128,128,128,128,128,128,128,128,128,128,128,128,124,128,124,128,128,128,128,128,128,128,128,128,128,128,128,128,128,128,128,128,128,128,128,128,128,128,128,128,128,128,128,128,128,128,128,128,128,128,128,128,128,128,145,145,145,145,145,145,145
129,129,129,129,129,129,225,129,129,129,129,129,129,129,129,129,129,129,129,129,129,124,129,124,129,129,129,129,129,129,129,129,129,129,129,129,129,129,129,129,129,129,129,129,129,129,129,129,129,129,129,129,129,129,129,129,129,129,129,129,129,129,129,145,145,145,145,145,145,145
130,130,130,130,130,130,226,130,130,130,130,130,130,130,130,130,130,130,130,130,130,124,130,124,130,130,130,130,130,130,130,130,130,130,130,130,130,130,130,130,130,130,130,130,130,130,130,130,130,130,130,130,130,130,130,130,130,130,130,130,130,130,130,145,145,145,145,145,145,145
131,131,131,131,131,131,227,131,131,131,131,131,131,131,131,131,131,131,131,131,131,124,131,124,131,131,131,131,131,131,131,131,131,131,131,131,131,131,131,131,131,131,131,131,131,131,131,131,131,131,131,131,131,131,131,131,131,131,131,131,131,131,131,145,145,145,145,145,145,145
132,132,132,132,132,132,228,132,132,132,132,132,132,132,132,132,132,132,132,132,132,124,132,124,132,132,132,132,132,132,132,132,132,132,132,132,132,132,132,132,132,132,132,132,132,132,132,132,132,132,132,132,132,132,132,132,132,132,132,132,132,132,132,145,145,145,145,145,145,145
133,133,133,133,133,133,229,133,133,133,133,133,133,133,133,133,133,133,133,133,133,124,133,124,133,133,133,133,133,133,133,133,133,133,133,133,133,133,133,133,133,133,133,133,133,133,133,133,133,133,133,133,133,133,133,133,133,133,133,133,133,133,133,145,145,145,145,145,145,145
134,134,134,134,134,134,230,134,134,134,134,134,134,134,134,134,134,134,134,134,134,124,134,124,134,134,134,134,134,134,134,134,134,134,134,134,134,134,134,134,134,134,134,134,134,134,134,134,134,134,134,134,134,134,134,134,134,134,134,134,134,134,134,145,145,145,145,145,145,145
135,135,135,135,135,135,135,135,135,135,231,135,135,135,135,135,135,135,135,135,135,124,135,124,135,135,135,135,135,135,135,135,135,135,135,135,135,135,135,135,135,135,135,135,135,135,135,135,135,135,135,135,135,135,135,135,135,135,135,135,135,135,135,145,145,145,145,145,145,145
136,136,136,136,136,136,136,136,136,136,136,232,136,136,136,136,136,136,136,136,136,124,136,124,136,136,136,136,136,136,136,136,136,136,136,136,136,136,136,136,136,136,136,136,136,136,136,136,136,136,136,136,136,136,136,136,136,136,136,136,136,136,136,145,145,145,145,145,145,145
0,0,0,0,0,0,0,0,0,0,0,0,0,0,0,0,0,0,0,0,0,0,0,0,0,0,0,0,0,0,0,0,0,0,0,0,0,0,0,0,0,0,0,0,0,0,0,0,0,0,0,0,0,0,0,0,0,0,0,0,0,0,0,145,145,145,145,145,145,145
0,0,0,0,0,0,0,0,0,0,0,0,0,0,0,0,0,0,0,0,0,0,0,0,0,0,0,0,0,0,0,0,0,0,0,0,0,0,0,0,0,0,0,0,0,0,0,0,0,0,0,0,0,0,0,0,0,0,0,0,0,0,0,145,145,145,145,145,145,145
0,0,0,0,0,0,0,0,0,0,0,0,0,0,0,0,0,0,0,0,0,0,0,0,0,0,0,0,0,0,0,0,0,0,0,0,0,0,0,0,0,0,0,0,0,0,0,0,0,0,0,0,0,0,0,0,0,0,0,0,0,0,0,145,145,145,145,145,145,145
0,0,0,0,0,0,0,0,0,0,0,0,0,0,0,0,0,0,0,0,0,0,0,0,0,0,0,0,0,0,0,0,0,0,0,0,0,0,0,0,0,0,0,0,0,0,0,0,0,0,0,0,0,0,0,0,0,0,0,0,0,0,0,145,145,145,145,145,145,145
0,0,0,0,0,0,0,0,0,0,0,0,0,0,0,0,0,0,0,0,0,0,0,0,0,0,0,0,0,0,0,0,0,0,0,0,0,0,0,0,0,0,0,0,0,0,0,0,0,0,0,0,0,0,0,0,0,0,0,0,0,0,0,145,145,145,145,145,145,145
0,0,0,0,0,0,0,0,0,0,0,0,0,0,0,0,0,0,0,0,0,0,0,0,0,0,0,0,0,0,0,0,0,0,0,0,0,0,0,0,0,0,0,0,0,0,0,0,0,0,0,0,0,0,0,0,0,0,0,0,0,0,0,145,145,145,145,145,145,145
0,0,0,0,0,0,0,0,0,0,0,0,0,0,0,0,0,0,0,0,0,0,0,0,0,0,0,0,0,0,0,0,0,0,0,0,0,0,0,0,0,0,0,0,0,0,0,0,0,0,0,0,0,0,0,0,0,0,0,0,0,0,0,145,145,145,145,145,145,145
0,0,0,0,0,0,0,0,0,0,0,0,0,0,0,0,0,0,0,0,0,0,0,0,0,0,0,0,0,0,0,0,0,0,0,0,0,0,0,0,0,0,0,0,0,0,0,0,0,0,0,0,0,0,0,0,0,0,0,0,0,0,0,145,145,145,145,145,145,145
0,0,0,0,0,0,0,0,0,0,0,0,0,0,0,0,0,0,0,0,0,0,0,0,0,0,0,0,0,0,0,0,0,0,0,0,0,0,0,0,0,0,0,0,0,0,0,0,0,0,0,0,0,0,0,0,0,0,0,0,0,0,0,145,145,145,145,145,145,145
0,0,0,0,0,0,0,0,0,0,0,0,0,0,0,0,0,0,0,0,0,0,0,0,0,0,0,0,0,0,0,0,0,0,0,0,0,0,0,0,0,0,0,0,0,0,0,0,0,0,0,0,0,0,0,0,0,0,0,0,0,0,0,145,145,145,145,145,145,145
0,0,0,0,0,0,0,0,0,0,0,0,0,0,0,0,0,0,0,0,0,0,0,0,0,0,0,0,0,0,0,0,0,0,0,0,0,0,0,0,0,0,0,0,0,0,0,0,0,0,0,0,0,0,0,0,0,0,0,0,0,0,0,145,145,145,145,145,145,145
0,0,0,0,0,0,0,0,0,0,0,0,0,0,0,0,0,0,0,0,0,0,0,0,0,0,0,0,0,0,0,0,0,0,0,0,0,0,0,0,0,0,0,0,0,0,0,0,0,0,0,0,0,0,0,0,0,0,0,0,0,0,0,145,145,145,145,145,145,145
0,0,0,0,0,0,0,0,0,0,0,0,0,0,0,0,0,0,0,0,0,0,0,0,0,0,0,0,0,0,0,0,0,0,0,0,0,0,0,0,0,0,0,0,0,0,0,0,0,0,0,0,0,0,0,0,0,0,0,0,0,0,0,145,145,145,145,145,145,145
0,0,0,0,0,0,0,0,0,0,0,0,0,0,0,0,0,0,0,0,0,0,0,0,0,0,0,0,0,0,0,0,0,0,0,0,0,0,0,0,0,0,0,0,0,0,0,0,0,0,0,0,0,0,0,0,0,0,0,0,0,0,0,145,145,145,145,145,145,145
0,0,0,0,0,0,0,0,0,0,0,0,0,0,0,0,0,0,0,0,0,0,0,0,0,0,0,0,0,0,0,0,0,0,0,0,0,0,0,0,0,0,0,0,0,0,0,0,0,0,0,0,0,0,0,0,0,0,0,0,0,0,0,145,145,145,145,145,145,145
0,0,0,0,0,0,0,0,0,0,0,0,0,0,0,0,0,0,0,0,0,0,0,0,0,0,0,0,0,0,0,0,0,0,0,0,0,0,0,0,0,0,0,0,0,0,0,0,0,0,0,0,0,0,0,0,0,0,0,0,0,0,0,145,145,145,145,145,145,145
0,0,0,0,0,0,0,0,0,0,0,0,0,0,0,0,0,0,0,0,0,0,0,0,0,0,0,0,0,0,0,0,0,0,0,0,0,0,0,0,0,0,0,0,0,0,0,0,0,0,0,0,0,0,0,0,0,0,0,0,0,0,0,145,145,145,145,145,145,145
0,0,0,0,0,0,0,0,0,0,0,0,0,0,0,0,0,0,0,0,0,0,0,0,0,0,0,0,0,0,0,0,0,0,0,0,0,0,0,0,0,0,0,0,0,0,0,0,0,0,0,0,0,0,0,0,0,0,0,0,0,0,0,145,145,145,145,145,145,145
0,0,0,0,0,0,0,0,0,0,0,0,0,0,0,0,0,0,0,0,0,0,0,0,0,0,0,0,0,0,0,0,0,0,0,0,0,0,0,0,0,0,0,0,0,0,0,0,0,0,0,0,0,0,0,0,0,0,0,0,0,0,0,145,145,145,145,145,145,145
0,0,0,0,0,0,0,0,0,0,0,0,0,0,0,0,0,0,0,0,0,0,0,0,0,0,0,0,0,0,0,0,0,0,0,0,0,0,0,0,0,0,0,0,0,0,0,0,0,0,0,0,0,0,0,0,0,0,0,0,0,0,0,145,145,145,145,145,145,145
0,0,0,0,0,0,0,0,0,0,0,0,0,0,0,0,0,0,0,0,0,0,0,0,0,0,0,0,0,0,0,0,0,0,0,0,0,0,0,0,0,0,0,0,0,0,0,0,0,0,0,0,0,0,0,0,0,0,0,0,0,0,0,145,145,145,145,145,145,145
0,0,0,0,0,0,0,0,0,0,0,0,0,0,0,0,0,0,0,0,0,0,0,0,0,0,0,0,0,0,0,0,0,0,0,0,0,0,0,0,0,0,0,0,0,0,0,0,0,0,0,0,0,0,0,0,0,0,0,0,0,0,0,145,145,145,145,145,145,145
146,146,146,146,146,146,146,146,146,146,146,146,146,146,146,146,146,146,146,146,146,124,146,124,146,146,138,146,146,146,146,146,146,146,146,146,146,146,146,146,146,146,146,146,146,146,146,146,146,146,146,146,146,146,146,146,146,146,146,146,146,146,146,145,145,145,145,145,145,145
146,146,146,146,146,146,146,146,146,146,146,146,146,146,146,146,146,146,146,146,146,124,146,124,146,146,146,146,139,146,146,146,146,146,146,146,146,146,146,146,146,146,146,146,146,146,146,146,146,146,146,146,146,146,146,146,146,146,146,146,146,146,146,145,145,145,145,145,145,145
146,146,146,146,146,146,146,146,146,146,146,146,146,146,146,146,146,146,146,146,146,124,146,124,146,146,146,146,146,146,146,146,146,146,140,146,146,146,146,146,146,146,146,146,146,146,146,146,146,146,146,146,146,146,146,146,146,146,146,146,146,146,146,145,145,145,145,145,145,145
146,146,146,146,146,146,146,146,146,146,146,146,146,146,146,146,146,146,146,146,146,124,146,124,146,146,146,146,146,146,146,146,146,146,146,146,146,146,146,146,146,141,146,146,146,146,146,146,146,146,146,146,146,146,146,146,146,146,146,146,146,146,146,145,145,145,145,145,145,145
146,146,146,146,146,146,146,146,146,146,146,146,146,146,146,146,146,146,146,146,146,124,233,124,146,146,146,146,146,146,146,146,146,146,146,146,146,146,146,146,146,146,146,146,146,146,146,146,146,146,146,146,146,146,146,146,146,146,146,146,146,146,146,145,145,145,145,145,145,145
146,146,146,146,146,146,146,146,146,146,146,146,146,146,146,146,146,146,146,146,146,124,300,124,146,146,146,146,146,146,146,146,146,146,146,146,146,146,146,146,146,146,146,146,146,146,146,146,146,146,146,146,146,299,299,299,299,299,299,299,299,299,299,145,145,145,145,145,145,145
143,143,143,143,143,143,143,143,143,143,143,143,143,143,143,143,143,143,143,143,143,143,143,143,125,143,143,143,143,143,143,143,143,143,143,143,143,143,143,143,143,143,143,143,143,143,143,143,143,143,143,143,143,143,143,143,143,143,143,143,143,143,143,143,143,143,143,143,143,143
144,144,144,144,144,144,144,144,144,144,144,144,144,144,144,144,144,144,144,144,144,144,144,144,144,126,144,144,144,144,144,144,144,144,144,144,144,144,144,144,144,144,144,144,144,144,144,144,144,144,144,144,144,144,144,144,144,144,144,144,144,144,144,144,144,144,144,144,144,144
145,145,145,145,145,145,145,145,145,145,145,145,145,145,145,145,145,145,145,145,145,145,148,145,145,145,145,145,145,145,145,145,145,145,145,145,145,145,145,145,145,145,145,145,145,145,145,145,145,145,145,145,145,145,145,145,145,145,145,145,145,145,145,145,145,145,145,145,145,145
146,146,146,146,146,146,146,146,146,146,146,146,146,146,146,146,146,146,146,146,146,146,147,146,146,146,146,146,146,146,146,146,146,146,146,146,146,146,146,146,146,146,146,146,146,146,146,146,146,146,146,146,146,146,146,146,146,146,146,146,146,146,146,146,146,146,146,146,146,146
